data,data,kaina,prognoze,veiksmas,btc_kiekis,kapitalas_usd,portfelio_verte,graza_proc,dienos_graza,verte_proc
2024-08-22,2024-08-22,60375.84,0,laukti,0.0,10000.0,10000.0,0.0,,0.0
2024-08-23,2024-08-23,64037.24,0,laukti,0.0,10000.0,10000.0,0.0,0.0,0.0
2024-08-24,2024-08-24,64157.01,0,laukti,0.0,10000.0,10000.0,0.0,0.0,0.0
2024-08-25,2024-08-25,64220.0,0,laukti,0.0,10000.0,10000.0,0.0,0.0,0.0
2024-08-26,2024-08-26,62834.0,1,pirkti,0.15899035553999427,0.0,9990.0,-0.1,-0.0010000000000000009,-0.10000000000000009
2024-08-27,2024-08-27,59415.0,1,laukti,0.15899035553999427,0.0,9446.41197440876,-5.5358802559123985,-0.05441321577489888,-5.535880255912396
2024-08-28,2024-08-28,59034.9,1,laukti,0.15899035553999427,0.0,9385.979740268009,-6.140202597319912,-0.006397374400403888,-6.14020259731991
2024-08-29,2024-08-29,59359.01,1,laukti,0.15899035553999427,0.0,9437.510104402076,-5.624898955979242,0.0054901422717748005,-5.624898955979241
2024-08-30,2024-08-30,59123.99,1,laukti,0.15899035553999427,0.0,9400.144191043066,-5.998558089569342,-0.003959297838693754,-5.99855808956934
2024-08-31,2024-08-31,58973.99,1,laukti,0.15899035553999427,0.0,9376.295637712066,-6.2370436228793364,-0.0025370412247212037,-6.237043622879335
2024-09-01,2024-09-01,57301.86,1,laukti,0.15899035553999427,0.0,9110.443094502976,-8.895569054970236,-0.028353686091105557,-8.895569054970242
2024-09-02,2024-09-02,59132.13,0,parduoti,0.0,9392.036934164624,9392.036934164624,-6.0796306583537625,0.030908907145422493,-6.0796306583537625
2024-09-03,2024-09-03,57487.73,1,pirkti,0.1632112608591513,0.0,9382.644897230459,-6.173551027695412,-0.0010000000000000009,-6.173551027695412
2024-09-04,2024-09-04,57970.9,0,parduoti,0.0,9452.042178457636,9452.042178457636,-5.479578215423643,0.007396345272286942,-5.479578215423642
2024-09-05,2024-09-05,56180.0,1,pirkti,0.1680774321160409,0.0,9442.590136279177,-5.574098637208226,-0.001000000000000112,-5.574098637208225
2024-09-06,2024-09-06,53962.97,1,laukti,0.1680774321160409,0.0,9069.957426954952,-9.30042573045048,-0.03946297614809535,-9.30042573045048
2024-09-07,2024-09-07,54160.86,1,laukti,0.1680774321160409,0.0,9103.218269996394,-8.967817300036058,0.003667144339905448,-8.967817300036064
2024-09-08,2024-09-08,54869.95,1,laukti,0.1680774321160409,0.0,9222.400296335558,-7.775997036644422,0.013092295801802267,-7.775997036644422
2024-09-09,2024-09-09,57042.0,1,laukti,0.1680774321160409,0.0,9587.472882763204,-4.125271172367957,0.03958541970605034,-4.125271172367961
2024-09-10,2024-09-10,57635.99,1,laukti,0.1680774321160409,0.0,9687.309196665812,-3.126908033341879,0.010413204305599555,-3.1269080333418797
2024-09-11,2024-09-11,57338.0,1,laukti,0.1680774321160409,0.0,9637.223802669552,-3.6277619733044775,-0.005170207018219131,-3.6277619733044775
2024-09-12,2024-09-12,58132.32,0,parduoti,0.0,9760.960337479419,9760.960337479419,-2.390396625205813,0.012839437720185698,-2.390396625205815
2024-09-13,2024-09-13,60498.0,0,laukti,0.0,9760.960337479419,9760.960337479419,-2.390396625205813,0.0,-2.390396625205815
2024-09-14,2024-09-14,59993.03,0,laukti,0.0,9760.960337479419,9760.960337479419,-2.390396625205813,0.0,-2.390396625205815
2024-09-15,2024-09-15,59132.0,1,pirkti,0.16490562431749206,0.0,9751.19937714194,-2.488006228580598,-0.0009999999999998899,-2.488006228580597
2024-09-16,2024-09-16,58213.99,1,laukti,0.16490562431749206,0.0,9599.81436496224,-4.001856350377602,-0.01552475816816612,-4.001856350377597
2024-09-17,2024-09-17,60313.99,0,parduoti,0.0,9936.170059852944,9936.170059852944,-0.6382994014705583,0.03503772907509006,-0.6382994014705545
2024-09-18,2024-09-18,61759.99,0,laukti,0.0,9936.170059852944,9936.170059852944,-0.6382994014705583,0.0,-0.6382994014705545
2024-09-19,2024-09-19,62947.99,1,pirkti,0.15768944949303532,0.0,9926.233889793091,-0.7376611020690871,-0.0010000000000000009,-0.7376611020690871
2024-09-20,2024-09-20,63201.05,1,laukti,0.15768944949303532,0.0,9966.1387818818,-0.3386121811819976,0.004020144249244684,-0.33861218118199643
2024-09-21,2024-09-21,63348.96,1,laukti,0.15768944949303532,0.0,9989.462628356314,-0.10537371643686128,0.0023403092195459774,-0.10537371643686289
2024-09-22,2024-09-22,63578.76,1,laukti,0.15768944949303532,0.0,10025.699663849815,0.25699663849814897,0.003627526008319837,0.25699663849814147
2024-09-23,2024-09-23,63339.99,1,laukti,0.15768944949303532,0.0,9988.048153994361,-0.11951846005638798,-0.0037554994781278106,-0.11951846005638922
2024-09-24,2024-09-24,64262.7,1,laukti,0.15768944949303532,0.0,10133.54978593608,1.335497859360803,0.014567574134444872,1.3354978593608013
2024-09-25,2024-09-25,63152.01,1,laukti,0.15768944949303532,0.0,9958.405691278662,-0.4159430872133817,-0.017283587524333566,-0.41594308721337736
2024-09-26,2024-09-26,65173.99,1,laukti,0.15768944949303532,0.0,10277.250604364588,2.7725060436458806,0.03201766657941674,2.7725060436458726
2024-09-27,2024-09-27,65769.95,1,laukti,0.15768944949303532,0.0,10371.227208684457,3.712272086844569,0.009144138635673427,3.71227208684457
2024-09-28,2024-09-28,65858.0,1,laukti,0.15768944949303532,0.0,10385.11176471232,3.8511176471231923,0.0013387572896133015,3.851117647123181
2024-09-29,2024-09-29,65602.01,1,laukti,0.15768944949303532,0.0,10344.744842536596,3.4474484253659647,-0.0038869993015275828,3.447448425365973
2024-09-30,2024-09-30,63327.59,1,laukti,0.15768944949303532,0.0,9986.092804820648,-0.13907195179352128,-0.03466997428889751,-0.1390719517935235
2024-10-01,2024-10-01,60805.78,1,laukti,0.15768944949303532,0.0,9588.429974194616,-4.115700258053839,-0.03982166382772501,-4.115700258053834
2024-10-02,2024-10-02,60649.28,1,laukti,0.15768944949303532,0.0,9563.751575348957,-4.36248424651043,-0.002573768480562122,-4.362484246510434
2024-10-03,2024-10-03,60752.71,1,laukti,0.15768944949303532,0.0,9580.061395110022,-4.199386048899778,0.001705378860227258,-4.199386048899778
2024-10-04,2024-10-04,62086.0,1,laukti,0.15768944949303532,0.0,9790.307161224591,-2.0969283877540876,0.021946181495442696,-2.0969283877540823
2024-10-05,2024-10-05,62058.0,1,laukti,0.15768944949303532,0.0,9785.891856638786,-2.141081433612144,-0.00045098734014115127,-2.1410814336121464
2024-10-06,2024-10-06,62819.91,1,laukti,0.15768944949303532,0.0,9906.037025102025,-0.9396297489797508,0.012277385671468632,-0.9396297489797534
2024-10-07,2024-10-07,62224.0,1,laukti,0.15768944949303532,0.0,9812.06830525463,-1.8793169474536988,-0.009486005312646872,-1.879316947453702
2024-10-08,2024-10-08,62160.49,0,parduoti,0.0,9792.25139486901,9792.25139486901,-2.0774860513098976,-0.0020196465993828072,-2.077486051309896
2024-10-09,2024-10-09,60636.02,1,pirkti,0.161330825200502,0.0,9782.459143474141,-2.1754085652585853,-0.0010000000000000009,-2.1754085652585853
2024-10-10,2024-10-10,60326.39,1,laukti,0.161330825200502,0.0,9732.506280067311,-2.674937199326887,-0.005106370767738233,-2.674937199326888
2024-10-11,2024-10-11,62540.0,0,parduoti,0.0,10079.540178231355,10079.540178231355,0.7954017823135474,0.035657197455375655,0.7954017823135429
2024-10-12,2024-10-12,63206.22,0,laukti,0.0,10079.540178231355,10079.540178231355,0.7954017823135474,0.0,0.7954017823135429
2024-10-13,2024-10-13,62870.02,0,laukti,0.0,10079.540178231355,10079.540178231355,0.7954017823135474,0.0,0.7954017823135429
2024-10-14,2024-10-14,66083.99,0,laukti,0.0,10079.540178231355,10079.540178231355,0.7954017823135474,0.0,0.7954017823135429
2024-10-15,2024-10-15,67074.14,0,laukti,0.0,10079.540178231355,10079.540178231355,0.7954017823135474,0.0,0.7954017823135429
2024-10-16,2024-10-16,67620.01,1,pirkti,0.14891243935120868,0.0,10069.460638053124,0.6946063805312406,-0.0009999999999998899,0.6946063805312486
2024-10-17,2024-10-17,67421.78,1,laukti,0.14891243935120868,0.0,10039.941725200535,0.3994172520053508,-0.0029315286998625734,0.39941725200534073
2024-10-18,2024-10-18,68428.0,0,parduoti,0.0,10179.590619524584,10179.590619524584,1.7959061952458433,0.013909333156140402,1.7959061952458333
2024-10-19,2024-10-19,68378.0,0,laukti,0.0,10179.590619524584,10179.590619524584,1.7959061952458433,0.0,1.7959061952458333
2024-10-20,2024-10-20,69031.99,0,laukti,0.0,10179.590619524584,10179.590619524584,1.7959061952458433,0.0,1.7959061952458333
2024-10-21,2024-10-21,67377.5,0,laukti,0.0,10179.590619524584,10179.590619524584,1.7959061952458433,0.0,1.7959061952458333
2024-10-22,2024-10-22,67426.0,0,laukti,0.0,10179.590619524584,10179.590619524584,1.7959061952458433,0.0,1.7959061952458333
2024-10-23,2024-10-23,66668.65,1,pirkti,0.15253662746890873,0.0,10169.41102890506,1.6941102890506043,-0.0009999999999998899,1.6941102890505988
2024-10-24,2024-10-24,68198.28,0,parduoti,0.0,10392.332894749949,10392.332894749949,3.9233289474994852,0.021920823655496413,3.9233289474994937
2024-10-25,2024-10-25,66698.33,0,laukti,0.0,10392.332894749949,10392.332894749949,3.9233289474994852,0.0,3.9233289474994937
2024-10-26,2024-10-26,67092.76,0,laukti,0.0,10392.332894749949,10392.332894749949,3.9233289474994852,0.0,3.9233289474994937
2024-10-27,2024-10-27,68021.7,0,laukti,0.0,10392.332894749949,10392.332894749949,3.9233289474994852,0.0,3.9233289474994937
2024-10-28,2024-10-28,69962.21,0,laukti,0.0,10392.332894749949,10392.332894749949,3.9233289474994852,0.0,3.9233289474994937
2024-10-29,2024-10-29,72736.42,0,laukti,0.0,10392.332894749949,10392.332894749949,3.9233289474994852,0.0,3.9233289474994937
2024-10-30,2024-10-30,72344.74,0,laukti,0.0,10392.332894749949,10392.332894749949,3.9233289474994852,0.0,3.9233289474994937
2024-10-31,2024-10-31,70292.01,0,laukti,0.0,10392.332894749949,10392.332894749949,3.9233289474994852,0.0,3.9233289474994937
2024-11-01,2024-11-01,69496.01,0,laukti,0.0,10392.332894749949,10392.332894749949,3.9233289474994852,0.0,3.9233289474994937
2024-11-02,2024-11-02,69374.74,0,laukti,0.0,10392.332894749949,10392.332894749949,3.9233289474994852,0.0,3.9233289474994937
2024-11-03,2024-11-03,68775.99,0,laukti,0.0,10392.332894749949,10392.332894749949,3.9233289474994852,0.0,3.9233289474994937
2024-11-04,2024-11-04,67850.01,1,pirkti,0.15301310289939823,0.0,10381.9405618552,3.8194056185519907,-0.0010000000000000009,3.8194056185519853
2024-11-05,2024-11-05,69372.01,0,parduoti,0.0,10604.211677963614,10604.211677963614,6.042116779636144,0.021409399792277073,6.042116779636153
2024-11-06,2024-11-06,75571.99,0,laukti,0.0,10604.211677963614,10604.211677963614,6.042116779636144,0.0,6.042116779636153
2024-11-07,2024-11-07,75857.89,0,laukti,0.0,10604.211677963614,10604.211677963614,6.042116779636144,0.0,6.042116779636153
2024-11-08,2024-11-08,76509.78,0,laukti,0.0,10604.211677963614,10604.211677963614,6.042116779636144,0.0,6.042116779636153
2024-11-09,2024-11-09,76677.46,0,laukti,0.0,10604.211677963614,10604.211677963614,6.042116779636144,0.0,6.042116779636153
2024-11-10,2024-11-10,80370.01,0,laukti,0.0,10604.211677963614,10604.211677963614,6.042116779636144,0.0,6.042116779636153
2024-11-11,2024-11-11,88647.99,0,laukti,0.0,10604.211677963614,10604.211677963614,6.042116779636144,0.0,6.042116779636153
2024-11-12,2024-11-12,87952.01,0,laukti,0.0,10604.211677963614,10604.211677963614,6.042116779636144,0.0,6.042116779636153
2024-11-13,2024-11-13,90375.2,0,laukti,0.0,10604.211677963614,10604.211677963614,6.042116779636144,0.0,6.042116779636153
2024-11-14,2024-11-14,87325.59,0,laukti,0.0,10604.211677963614,10604.211677963614,6.042116779636144,0.0,6.042116779636153
2024-11-15,2024-11-15,91032.07,0,laukti,0.0,10604.211677963614,10604.211677963614,6.042116779636144,0.0,6.042116779636153
2024-11-16,2024-11-16,90586.92,0,laukti,0.0,10604.211677963614,10604.211677963614,6.042116779636144,0.0,6.042116779636153
2024-11-17,2024-11-17,89855.99,0,laukti,0.0,10604.211677963614,10604.211677963614,6.042116779636144,0.0,6.042116779636153
2024-11-18,2024-11-18,90464.08,0,laukti,0.0,10604.211677963614,10604.211677963614,6.042116779636144,0.0,6.042116779636153
2024-11-19,2024-11-19,92310.79,0,laukti,0.0,10604.211677963614,10604.211677963614,6.042116779636144,0.0,6.042116779636153
2024-11-20,2024-11-20,94286.56,0,laukti,0.0,10604.211677963614,10604.211677963614,6.042116779636144,0.0,6.042116779636153
2024-11-21,2024-11-21,98317.12,0,laukti,0.0,10604.211677963614,10604.211677963614,6.042116779636144,0.0,6.042116779636153
2024-11-22,2024-11-22,98892.0,0,laukti,0.0,10604.211677963614,10604.211677963614,6.042116779636144,0.0,6.042116779636153
2024-11-23,2024-11-23,97672.4,0,laukti,0.0,10604.211677963614,10604.211677963614,6.042116779636144,0.0,6.042116779636153
2024-11-24,2024-11-24,97900.04,0,laukti,0.0,10604.211677963614,10604.211677963614,6.042116779636144,0.0,6.042116779636153
2024-11-25,2024-11-25,93010.01,0,laukti,0.0,10604.211677963614,10604.211677963614,6.042116779636144,0.0,6.042116779636153
2024-11-26,2024-11-26,91965.16,0,laukti,0.0,10604.211677963614,10604.211677963614,6.042116779636144,0.0,6.042116779636153
2024-11-27,2024-11-27,95863.11,0,laukti,0.0,10604.211677963614,10604.211677963614,6.042116779636144,0.0,6.042116779636153
2024-11-28,2024-11-28,95643.98,0,laukti,0.0,10604.211677963614,10604.211677963614,6.042116779636144,0.0,6.042116779636153
2024-11-29,2024-11-29,97460.0,0,laukti,0.0,10604.211677963614,10604.211677963614,6.042116779636144,0.0,6.042116779636153
2024-11-30,2024-11-30,96407.99,0,laukti,0.0,10604.211677963614,10604.211677963614,6.042116779636144,0.0,6.042116779636153
2024-12-01,2024-12-01,97185.18,0,laukti,0.0,10604.211677963614,10604.211677963614,6.042116779636144,0.0,6.042116779636153
2024-12-02,2024-12-02,95840.62,0,laukti,0.0,10604.211677963614,10604.211677963614,6.042116779636144,0.0,6.042116779636153
2024-12-03,2024-12-03,95849.69,0,laukti,0.0,10604.211677963614,10604.211677963614,6.042116779636144,0.0,6.042116779636153
2024-12-04,2024-12-04,98587.32,0,laukti,0.0,10604.211677963614,10604.211677963614,6.042116779636144,0.0,6.042116779636153
2024-12-05,2024-12-05,96945.63,0,laukti,0.0,10604.211677963614,10604.211677963614,6.042116779636144,0.0,6.042116779636153
2024-12-06,2024-12-06,99740.84,0,laukti,0.0,10604.211677963614,10604.211677963614,6.042116779636144,0.0,6.042116779636153
2024-12-07,2024-12-07,99831.99,0,laukti,0.0,10604.211677963614,10604.211677963614,6.042116779636144,0.0,6.042116779636153
2024-12-08,2024-12-08,101109.59,0,laukti,0.0,10604.211677963614,10604.211677963614,6.042116779636144,0.0,6.042116779636153
2024-12-09,2024-12-09,97276.47,0,laukti,0.0,10604.211677963614,10604.211677963614,6.042116779636144,0.0,6.042116779636153
2024-12-10,2024-12-10,96593.0,0,laukti,0.0,10604.211677963614,10604.211677963614,6.042116779636144,0.0,6.042116779636153
2024-12-11,2024-12-11,101125.0,0,laukti,0.0,10604.211677963614,10604.211677963614,6.042116779636144,0.0,6.042116779636153
2024-12-12,2024-12-12,100004.29,0,laukti,0.0,10604.211677963614,10604.211677963614,6.042116779636144,0.0,6.042116779636153
2024-12-13,2024-12-13,101424.25,0,laukti,0.0,10604.211677963614,10604.211677963614,6.042116779636144,0.0,6.042116779636153
2024-12-14,2024-12-14,101420.0,0,laukti,0.0,10604.211677963614,10604.211677963614,6.042116779636144,0.0,6.042116779636153
2024-12-15,2024-12-15,104463.99,0,laukti,0.0,10604.211677963614,10604.211677963614,6.042116779636144,0.0,6.042116779636153
2024-12-16,2024-12-16,106058.66,0,laukti,0.0,10604.211677963614,10604.211677963614,6.042116779636144,0.0,6.042116779636153
2024-12-17,2024-12-17,106133.74,0,laukti,0.0,10604.211677963614,10604.211677963614,6.042116779636144,0.0,6.042116779636153
2024-12-18,2024-12-18,100204.01,0,laukti,0.0,10604.211677963614,10604.211677963614,6.042116779636144,0.0,6.042116779636153
2024-12-19,2024-12-19,97461.86,0,laukti,0.0,10604.211677963614,10604.211677963614,6.042116779636144,0.0,6.042116779636153
2024-12-20,2024-12-20,97805.44,0,laukti,0.0,10604.211677963614,10604.211677963614,6.042116779636144,0.0,6.042116779636153
2024-12-21,2024-12-21,97291.99,0,laukti,0.0,10604.211677963614,10604.211677963614,6.042116779636144,0.0,6.042116779636153
2024-12-22,2024-12-22,95186.27,0,laukti,0.0,10604.211677963614,10604.211677963614,6.042116779636144,0.0,6.042116779636153
2024-12-23,2024-12-23,94881.47,0,laukti,0.0,10604.211677963614,10604.211677963614,6.042116779636144,0.0,6.042116779636153
2024-12-24,2024-12-24,98663.58,0,laukti,0.0,10604.211677963614,10604.211677963614,6.042116779636144,0.0,6.042116779636153
2024-12-25,2024-12-25,99429.6,0,laukti,0.0,10604.211677963614,10604.211677963614,6.042116779636144,0.0,6.042116779636153
2024-12-26,2024-12-26,95791.6,1,pirkti,0.11059015055898064,0.0,10593.60746628565,5.936074662856499,-0.001000000000000112,5.936074662856505
2024-12-27,2024-12-27,94299.03,0,parduoti,0.0,10418.115381340567,10418.115381340567,4.181153813405672,-0.0165658474229472,4.181153813405669
2024-12-28,2024-12-28,95300.0,0,laukti,0.0,10418.115381340567,10418.115381340567,4.181153813405672,0.0,4.181153813405669
2024-12-29,2024-12-29,93738.2,0,laukti,0.0,10418.115381340567,10418.115381340567,4.181153813405672,0.0,4.181153813405669
2024-12-30,2024-12-30,92792.05,0,laukti,0.0,10418.115381340567,10418.115381340567,4.181153813405672,0.0,4.181153813405669
2024-12-31,2024-12-31,93576.0,0,laukti,0.0,10418.115381340567,10418.115381340567,4.181153813405672,0.0,4.181153813405669
2025-01-01,2025-01-01,94591.79,0,laukti,0.0,10418.115381340567,10418.115381340567,4.181153813405672,0.0,4.181153813405669
2025-01-02,2025-01-02,96984.79,0,laukti,0.0,10418.115381340567,10418.115381340567,4.181153813405672,0.0,4.181153813405669
2025-01-03,2025-01-03,98174.18,0,laukti,0.0,10418.115381340567,10418.115381340567,4.181153813405672,0.0,4.181153813405669
2025-01-04,2025-01-04,98220.5,0,laukti,0.0,10418.115381340567,10418.115381340567,4.181153813405672,0.0,4.181153813405669
2025-01-05,2025-01-05,98363.61,0,laukti,0.0,10418.115381340567,10418.115381340567,4.181153813405672,0.0,4.181153813405669
2025-01-06,2025-01-06,102235.6,0,laukti,0.0,10418.115381340567,10418.115381340567,4.181153813405672,0.0,4.181153813405669
2025-01-07,2025-01-07,96954.61,0,laukti,0.0,10418.115381340567,10418.115381340567,4.181153813405672,0.0,4.181153813405669
2025-01-08,2025-01-08,95060.61,0,laukti,0.0,10418.115381340567,10418.115381340567,4.181153813405672,0.0,4.181153813405669
2025-01-09,2025-01-09,92552.49,1,pirkti,0.11245183426139292,0.0,10407.697265959227,4.076972659592266,-0.0010000000000000009,4.0769726595922595
2025-01-10,2025-01-10,94726.11,0,parduoti,0.0,10641.472697124527,10641.472697124527,6.414726971245273,0.022461782389647134,6.414726971245277
2025-01-11,2025-01-11,94599.99,0,laukti,0.0,10641.472697124527,10641.472697124527,6.414726971245273,0.0,6.414726971245277
2025-01-12,2025-01-12,94545.06,0,laukti,0.0,10641.472697124527,10641.472697124527,6.414726971245273,0.0,6.414726971245277
2025-01-13,2025-01-13,94536.1,0,laukti,0.0,10641.472697124527,10641.472697124527,6.414726971245273,0.0,6.414726971245277
2025-01-14,2025-01-14,96560.86,0,laukti,0.0,10641.472697124527,10641.472697124527,6.414726971245273,0.0,6.414726971245277
2025-01-15,2025-01-15,100497.35,0,laukti,0.0,10641.472697124527,10641.472697124527,6.414726971245273,0.0,6.414726971245277
2025-01-16,2025-01-16,99987.3,0,laukti,0.0,10641.472697124527,10641.472697124527,6.414726971245273,0.0,6.414726971245277
2025-01-17,2025-01-17,104077.48,0,laukti,0.0,10641.472697124527,10641.472697124527,6.414726971245273,0.0,6.414726971245277
2025-01-18,2025-01-18,104556.23,0,laukti,0.0,10641.472697124527,10641.472697124527,6.414726971245273,0.0,6.414726971245277
2025-01-19,2025-01-19,101331.57,0,laukti,0.0,10641.472697124527,10641.472697124527,6.414726971245273,0.0,6.414726971245277
2025-01-20,2025-01-20,102260.01,0,laukti,0.0,10641.472697124527,10641.472697124527,6.414726971245273,0.0,6.414726971245277
2025-01-21,2025-01-21,106143.82,0,laukti,0.0,10641.472697124527,10641.472697124527,6.414726971245273,0.0,6.414726971245277
2025-01-22,2025-01-22,103706.66,0,laukti,0.0,10641.472697124527,10641.472697124527,6.414726971245273,0.0,6.414726971245277
2025-01-23,2025-01-23,103910.34,0,laukti,0.0,10641.472697124527,10641.472697124527,6.414726971245273,0.0,6.414726971245277
2025-01-24,2025-01-24,104870.5,0,laukti,0.0,10641.472697124527,10641.472697124527,6.414726971245273,0.0,6.414726971245277
2025-01-25,2025-01-25,104746.85,0,laukti,0.0,10641.472697124527,10641.472697124527,6.414726971245273,0.0,6.414726971245277
2025-01-26,2025-01-26,102620.0,0,laukti,0.0,10641.472697124527,10641.472697124527,6.414726971245273,0.0,6.414726971245277
2025-01-27,2025-01-27,102082.83,0,laukti,0.0,10641.472697124527,10641.472697124527,6.414726971245273,0.0,6.414726971245277
2025-01-28,2025-01-28,101335.52,0,laukti,0.0,10641.472697124527,10641.472697124527,6.414726971245273,0.0,6.414726971245277
2025-01-29,2025-01-29,103733.24,0,laukti,0.0,10641.472697124527,10641.472697124527,6.414726971245273,0.0,6.414726971245277
2025-01-30,2025-01-30,104722.94,0,laukti,0.0,10641.472697124527,10641.472697124527,6.414726971245273,0.0,6.414726971245277
2025-01-31,2025-01-31,102429.56,0,laukti,0.0,10641.472697124527,10641.472697124527,6.414726971245273,0.0,6.414726971245277
2025-02-01,2025-02-01,100635.65,0,laukti,0.0,10641.472697124527,10641.472697124527,6.414726971245273,0.0,6.414726971245277
2025-02-02,2025-02-02,97700.59,1,pirkti,0.10881030733209904,0.0,10630.831224427402,6.308312244274021,-0.001000000000000112,6.308312244274017
2025-02-03,2025-02-03,101328.52,0,parduoti,0.0,11014.561815304038,11014.561815304038,10.145618153040378,0.03609601006503649,10.145618153040381
2025-02-04,2025-02-04,97763.13,0,laukti,0.0,11014.561815304038,11014.561815304038,10.145618153040378,0.0,10.145618153040381
2025-02-05,2025-02-05,96612.43,0,laukti,0.0,11014.561815304038,11014.561815304038,10.145618153040378,0.0,10.145618153040381
2025-02-06,2025-02-06,96554.35,1,pirkti,0.11396221147456052,0.0,11003.547253488734,10.03547253488734,-0.0010000000000000009,10.035472534887347
2025-02-07,2025-02-07,96506.8,0,parduoti,0.0,10987.130221982785,10987.130221982785,9.871302219827848,-0.0014919762807166226,9.871302219827838
2025-02-08,2025-02-08,96444.74,0,laukti,0.0,10987.130221982785,10987.130221982785,9.871302219827848,0.0,9.871302219827838
2025-02-09,2025-02-09,96462.75,0,laukti,0.0,10987.130221982785,10987.130221982785,9.871302219827848,0.0,9.871302219827838
2025-02-10,2025-02-10,97430.82,0,laukti,0.0,10987.130221982785,10987.130221982785,9.871302219827848,0.0,9.871302219827838
2025-02-11,2025-02-11,95778.2,0,laukti,0.0,10987.130221982785,10987.130221982785,9.871302219827848,0.0,9.871302219827838
2025-02-12,2025-02-12,97869.99,0,laukti,0.0,10987.130221982785,10987.130221982785,9.871302219827848,0.0,9.871302219827838
2025-02-13,2025-02-13,96608.14,0,laukti,0.0,10987.130221982785,10987.130221982785,9.871302219827848,0.0,9.871302219827838
2025-02-14,2025-02-14,97500.48,0,laukti,0.0,10987.130221982785,10987.130221982785,9.871302219827848,0.0,9.871302219827838
2025-02-15,2025-02-15,97569.66,0,laukti,0.0,10987.130221982785,10987.130221982785,9.871302219827848,0.0,9.871302219827838
2025-02-16,2025-02-16,96118.12,0,laukti,0.0,10987.130221982785,10987.130221982785,9.871302219827848,0.0,9.871302219827838
2025-02-17,2025-02-17,95780.0,0,laukti,0.0,10987.130221982785,10987.130221982785,9.871302219827848,0.0,9.871302219827838
2025-02-18,2025-02-18,95671.74,0,laukti,0.0,10987.130221982785,10987.130221982785,9.871302219827848,0.0,9.871302219827838
2025-02-19,2025-02-19,96644.37,0,laukti,0.0,10987.130221982785,10987.130221982785,9.871302219827848,0.0,9.871302219827838
2025-02-20,2025-02-20,98305.0,0,laukti,0.0,10987.130221982785,10987.130221982785,9.871302219827848,0.0,9.871302219827838
2025-02-21,2025-02-21,96181.98,0,laukti,0.0,10987.130221982785,10987.130221982785,9.871302219827848,0.0,9.871302219827838
2025-02-22,2025-02-22,96551.01,0,laukti,0.0,10987.130221982785,10987.130221982785,9.871302219827848,0.0,9.871302219827838
2025-02-23,2025-02-23,96258.0,0,laukti,0.0,10987.130221982785,10987.130221982785,9.871302219827848,0.0,9.871302219827838
2025-02-24,2025-02-24,91552.88,0,laukti,0.0,10987.130221982785,10987.130221982785,9.871302219827848,0.0,9.871302219827838
2025-02-25,2025-02-25,88680.4,1,pirkti,0.12377191681319437,0.0,10976.143091760801,9.761430917608013,-0.001000000000000112,9.761430917608017
2025-02-26,2025-02-26,84250.09,1,laukti,0.12377191681319437,0.0,10427.79513098414,4.277951309841392,-0.04995816437454037,4.277951309841388
2025-02-27,2025-02-27,84708.58,1,laukti,0.12377191681319437,0.0,10484.54331712382,4.845433171238201,0.005442011990729023,4.8454331712382
2025-02-28,2025-02-28,84349.94,1,laukti,0.12377191681319437,0.0,10440.153756877937,4.401537568779368,-0.0042338096093689215,4.401537568779368
2025-03-01,2025-03-01,86064.53,0,parduoti,0.0,10641.719475878943,10641.719475878943,6.417194758789428,0.019306776863148745,6.417194758789435
2025-03-02,2025-03-02,94270.0,0,laukti,0.0,10641.719475878943,10641.719475878943,6.417194758789428,0.0,6.417194758789435
2025-03-03,2025-03-03,86220.61,0,laukti,0.0,10641.719475878943,10641.719475878943,6.417194758789428,0.0,6.417194758789435
2025-03-04,2025-03-04,87281.98,0,laukti,0.0,10641.719475878943,10641.719475878943,6.417194758789428,0.0,6.417194758789435
2025-03-05,2025-03-05,90606.01,0,laukti,0.0,10641.719475878943,10641.719475878943,6.417194758789428,0.0,6.417194758789435
2025-03-06,2025-03-06,89931.89,0,laukti,0.0,10641.719475878943,10641.719475878943,6.417194758789428,0.0,6.417194758789435
2025-03-07,2025-03-07,86801.75,0,laukti,0.0,10641.719475878943,10641.719475878943,6.417194758789428,0.0,6.417194758789435
2025-03-08,2025-03-08,86222.45,0,laukti,0.0,10641.719475878943,10641.719475878943,6.417194758789428,0.0,6.417194758789435
2025-03-09,2025-03-09,80734.37,1,pirkti,0.1316797016735631,0.0,10631.077756403061,6.310777564030613,-0.001000000000000223,6.310777564030623
2025-03-10,2025-03-10,78595.86,1,laukti,0.1316797016735631,0.0,10349.479397577132,3.4947939757713176,-0.02648822304552556,3.4947939757713264
2025-03-11,2025-03-11,82932.99,0,parduoti,0.0,10909.670790714496,10909.670790714496,9.096707907144955,0.05412749488331814,9.096707907144964
2025-03-12,2025-03-12,83680.12,0,laukti,0.0,10909.670790714496,10909.670790714496,9.096707907144955,0.0,9.096707907144964
2025-03-13,2025-03-13,81115.78,1,pirkti,0.13436055376554085,0.0,10898.761119923784,8.987611199237836,-0.0009999999999997788,8.987611199237833
2025-03-14,2025-03-14,83983.2,0,parduoti,0.0,11272.745229743166,11272.745229743166,12.727452297431663,0.034314368918106686,12.727452297431663
2025-03-15,2025-03-15,84338.44,0,laukti,0.0,11272.745229743166,11272.745229743166,12.727452297431663,0.0,12.727452297431663
2025-03-16,2025-03-16,82574.53,0,laukti,0.0,11272.745229743166,11272.745229743166,12.727452297431663,0.0,12.727452297431663
2025-03-17,2025-03-17,84010.03,0,laukti,0.0,11272.745229743166,11272.745229743166,12.727452297431663,0.0,12.727452297431663
2025-03-18,2025-03-18,82715.03,0,laukti,0.0,11272.745229743166,11272.745229743166,12.727452297431663,0.0,12.727452297431663
2025-03-19,2025-03-19,86845.94,0,laukti,0.0,11272.745229743166,11272.745229743166,12.727452297431663,0.0,12.727452297431663
2025-03-20,2025-03-20,84223.39,0,laukti,0.0,11272.745229743166,11272.745229743166,12.727452297431663,0.0,12.727452297431663
2025-03-21,2025-03-21,84088.79,0,laukti,0.0,11272.745229743166,11272.745229743166,12.727452297431663,0.0,12.727452297431663
2025-03-22,2025-03-22,83840.59,0,laukti,0.0,11272.745229743166,11272.745229743166,12.727452297431663,0.0,12.727452297431663
2025-03-23,2025-03-23,86082.5,0,laukti,0.0,11272.745229743166,11272.745229743166,12.727452297431663,0.0,12.727452297431663
2025-03-24,2025-03-24,87498.16,0,laukti,0.0,11272.745229743166,11272.745229743166,12.727452297431663,0.0,12.727452297431663
2025-03-25,2025-03-25,87392.87,0,laukti,0.0,11272.745229743166,11272.745229743166,12.727452297431663,0.0,12.727452297431663
2025-03-26,2025-03-26,86909.17,0,laukti,0.0,11272.745229743166,11272.745229743166,12.727452297431663,0.0,12.727452297431663
2025-03-27,2025-03-27,87232.01,0,laukti,0.0,11272.745229743166,11272.745229743166,12.727452297431663,0.0,12.727452297431663
2025-03-28,2025-03-28,84424.38,0,laukti,0.0,11272.745229743166,11272.745229743166,12.727452297431663,0.0,12.727452297431663
2025-03-29,2025-03-29,82648.54,0,laukti,0.0,11272.745229743166,11272.745229743166,12.727452297431663,0.0,12.727452297431663
2025-03-30,2025-03-30,82389.99,0,laukti,0.0,11272.745229743166,11272.745229743166,12.727452297431663,0.0,12.727452297431663
2025-03-31,2025-03-31,82550.01,0,laukti,0.0,11272.745229743166,11272.745229743166,12.727452297431663,0.0,12.727452297431663
2025-04-01,2025-04-01,85158.34,0,laukti,0.0,11272.745229743166,11272.745229743166,12.727452297431663,0.0,12.727452297431663
2025-04-02,2025-04-02,82516.29,0,laukti,0.0,11272.745229743166,11272.745229743166,12.727452297431663,0.0,12.727452297431663
2025-04-03,2025-04-03,83213.09,0,laukti,0.0,11272.745229743166,11272.745229743166,12.727452297431663,0.0,12.727452297431663
2025-04-04,2025-04-04,83889.87,0,laukti,0.0,11272.745229743166,11272.745229743166,12.727452297431663,0.0,12.727452297431663
2025-04-05,2025-04-05,83537.99,0,laukti,0.0,11272.745229743166,11272.745229743166,12.727452297431663,0.0,12.727452297431663
2025-04-06,2025-04-06,78430.0,0,laukti,0.0,11272.745229743166,11272.745229743166,12.727452297431663,0.0,12.727452297431663
2025-04-07,2025-04-07,79163.24,0,laukti,0.0,11272.745229743166,11272.745229743166,12.727452297431663,0.0,12.727452297431663
2025-04-08,2025-04-08,76322.42,1,pirkti,0.1475513025466622,0.0,11261.472484513422,12.614724845134223,-0.001000000000000112,12.614724845134218
2025-04-09,2025-04-09,82615.22,0,parduoti,0.0,12177.79333785788,12177.79333785788,21.7779333785788,0.08136776559233838,21.77793337857881
2025-04-10,2025-04-10,79607.3,0,laukti,0.0,12177.79333785788,12177.79333785788,21.7779333785788,0.0,21.77793337857881
2025-04-11,2025-04-11,83423.84,0,laukti,0.0,12177.79333785788,12177.79333785788,21.7779333785788,0.0,21.77793337857881
2025-04-12,2025-04-12,85276.9,0,laukti,0.0,12177.79333785788,12177.79333785788,21.7779333785788,0.0,21.77793337857881
2025-04-13,2025-04-13,83760.0,0,laukti,0.0,12177.79333785788,12177.79333785788,21.7779333785788,0.0,21.77793337857881
2025-04-14,2025-04-14,84591.58,0,laukti,0.0,12177.79333785788,12177.79333785788,21.7779333785788,0.0,21.77793337857881
2025-04-15,2025-04-15,83643.99,0,laukti,0.0,12177.79333785788,12177.79333785788,21.7779333785788,0.0,21.77793337857881
2025-04-16,2025-04-16,84030.38,0,laukti,0.0,12177.79333785788,12177.79333785788,21.7779333785788,0.0,21.77793337857881
2025-04-17,2025-04-17,84947.91,0,laukti,0.0,12177.79333785788,12177.79333785788,21.7779333785788,0.0,21.77793337857881
2025-04-18,2025-04-18,84474.69,0,laukti,0.0,12177.79333785788,12177.79333785788,21.7779333785788,0.0,21.77793337857881
2025-04-19,2025-04-19,85077.01,0,laukti,0.0,12177.79333785788,12177.79333785788,21.7779333785788,0.0,21.77793337857881
2025-04-20,2025-04-20,85179.24,0,laukti,0.0,12177.79333785788,12177.79333785788,21.7779333785788,0.0,21.77793337857881
2025-04-21,2025-04-21,87516.23,0,laukti,0.0,12177.79333785788,12177.79333785788,21.7779333785788,0.0,21.77793337857881
2025-04-22,2025-04-22,93442.99,0,laukti,0.0,12177.79333785788,12177.79333785788,21.7779333785788,0.0,21.77793337857881
2025-04-23,2025-04-23,93691.08,0,laukti,0.0,12177.79333785788,12177.79333785788,21.7779333785788,0.0,21.77793337857881
2025-04-24,2025-04-24,93980.47,0,laukti,0.0,12177.79333785788,12177.79333785788,21.7779333785788,0.0,21.77793337857881
2025-04-25,2025-04-25,94638.68,0,laukti,0.0,12177.79333785788,12177.79333785788,21.7779333785788,0.0,21.77793337857881
2025-04-26,2025-04-26,94628.0,0,laukti,0.0,12177.79333785788,12177.79333785788,21.7779333785788,0.0,21.77793337857881
2025-04-27,2025-04-27,93749.3,0,laukti,0.0,12177.79333785788,12177.79333785788,21.7779333785788,0.0,21.77793337857881
2025-04-28,2025-04-28,95011.18,0,laukti,0.0,12177.79333785788,12177.79333785788,21.7779333785788,0.0,21.77793337857881
2025-04-29,2025-04-29,94256.82,0,laukti,0.0,12177.79333785788,12177.79333785788,21.7779333785788,0.0,21.77793337857881
2025-04-30,2025-04-30,94172.0,0,laukti,0.0,12177.79333785788,12177.79333785788,21.7779333785788,0.0,21.77793337857881
2025-05-01,2025-05-01,96489.91,0,laukti,0.0,12177.79333785788,12177.79333785788,21.7779333785788,0.0,21.77793337857881
2025-05-02,2025-05-02,96887.14,0,laukti,0.0,12177.79333785788,12177.79333785788,21.7779333785788,0.0,21.77793337857881
2025-05-03,2025-05-03,95856.42,0,laukti,0.0,12177.79333785788,12177.79333785788,21.7779333785788,0.0,21.77793337857881
2025-05-04,2025-05-04,94277.62,0,laukti,0.0,12177.79333785788,12177.79333785788,21.7779333785788,0.0,21.77793337857881
2025-05-05,2025-05-05,94733.68,0,laukti,0.0,12177.79333785788,12177.79333785788,21.7779333785788,0.0,21.77793337857881
2025-05-06,2025-05-06,96834.02,0,laukti,0.0,12177.79333785788,12177.79333785788,21.7779333785788,0.0,21.77793337857881
2025-05-07,2025-05-07,97030.5,0,laukti,0.0,12177.79333785788,12177.79333785788,21.7779333785788,0.0,21.77793337857881
2025-05-08,2025-05-08,103261.6,0,laukti,0.0,12177.79333785788,12177.79333785788,21.7779333785788,0.0,21.77793337857881
2025-05-09,2025-05-09,102971.99,0,laukti,0.0,12177.79333785788,12177.79333785788,21.7779333785788,0.0,21.77793337857881
2025-05-10,2025-05-10,104809.53,0,laukti,0.0,12177.79333785788,12177.79333785788,21.7779333785788,0.0,21.77793337857881
2025-05-11,2025-05-11,104118.0,0,laukti,0.0,12177.79333785788,12177.79333785788,21.7779333785788,0.0,21.77793337857881
2025-05-12,2025-05-12,102791.32,0,laukti,0.0,12177.79333785788,12177.79333785788,21.7779333785788,0.0,21.77793337857881
2025-05-13,2025-05-13,104103.72,0,laukti,0.0,12177.79333785788,12177.79333785788,21.7779333785788,0.0,21.77793337857881
2025-05-14,2025-05-14,103507.82,0,laukti,0.0,12177.79333785788,12177.79333785788,21.7779333785788,0.0,21.77793337857881
2025-05-15,2025-05-15,103763.71,0,laukti,0.0,12177.79333785788,12177.79333785788,21.7779333785788,0.0,21.77793337857881
2025-05-16,2025-05-16,103463.9,0,laukti,0.0,12177.79333785788,12177.79333785788,21.7779333785788,0.0,21.77793337857881
2025-05-17,2025-05-17,103126.65,0,laukti,0.0,12177.79333785788,12177.79333785788,21.7779333785788,0.0,21.77793337857881
2025-05-18,2025-05-18,106454.26,0,laukti,0.0,12177.79333785788,12177.79333785788,21.7779333785788,0.0,21.77793337857881
2025-05-19,2025-05-19,105573.74,0,laukti,0.0,12177.79333785788,12177.79333785788,21.7779333785788,0.0,21.77793337857881
2025-05-20,2025-05-20,106849.99,0,laukti,0.0,12177.79333785788,12177.79333785788,21.7779333785788,0.0,21.77793337857881
